center_1 : [ 2.7595945   4.27516293  3.24185373]
center_2 : [ 4.59820836  4.79263437  4.44426012]
center_3 : [ 1.          1.          2.12883436]
center_4 : [ 3.7806149  1.         2.0766024]
