/usr/local/spark/python/lib/pyspark.zip/pyspark/mllib/clustering.py:176: UserWarning: Support for runs is deprecated in 1.6.0. This param will have no effect in 1.7.0.
center_1 : [ 2.39405204  1.          1.3669676 ]
center_2 : [ 1.57432922  1.29296592  3.11385062]
center_3 : [ 3.30142253  3.73394848  3.53479431]
center_4 : [ 3.04899497  3.54020101  1.63316583]
